10588299
10801969
11097601
11228291
11470690
11704028
11925463
11594942
11594943
12583787
14609922
15534261
15136320
16157800
16033748
16606880
16286610
16286620
15808240
15761122
17502507
16877067
17846363
18779490
18201681
19139352
39810
68118
69075
69778
91037
123182
132115
132862
138134
141882
154283
154870
164628
191215
191465
193398
193777
199096
209795
212996
217290
222500
224699
274986
333888
430798
443188
453046
457828
457833
464698
474565
474566
474567
486684
508073
518733
520114
570666
577575
586715
642745
647930
651576
652993
665654
665655
675263
677027
677576
680566
704796
742537
758126
879158
939793
942677
960151
967833
970770
990870
1008914
1010660
1044423
1071864
1071869
1080450
1085233
1094879
1096626
1122043
1139757
1163424
1178004
1208363
1245042
1246956
1258858
1275621
1280018
1301257
1303626
1342256
1342260
1342264
1342296
1352975
1370216
1396865
1397771
1414914
1414943
1415492
1420088
1420849
1440701
1442588
1450174
1466315
1486903
1503074
1514505
1515981
1517906
1518109
1519533
1519536
1530806
1531786
1531990
1533995
1534286
1538564
1543306
1543692
1558342
1569437
1573433
1576223
1585898
1595694
1607574
1625711
1638580
1642190
1678604
1684707
1715449
1727952
1729324
1729846
1733810
1734291
1749738
1765986
1783233
1825213
1827234
1829117
1833430
1833977
1838765
1838769
1845934
1864700
1866765
1912805
1929036
1969567
1972879
1984536
1984895
1985385
1985591
1986505
1986576
1986979
1990765
1993947
1995775
1999037
2000773
2003298
2003301
2006650
2008855
2035438
2037857
2039382
2041550
2043019
2043309
2058564
2064487
2065030
2068909
2083986
2120547
2136875
2137280
2137733
2137960
2139921
2142690
2148709
2150470
2151041
2203248
2206030
2210098
2219557
2220449
2220549
2220632
2220800
2229757
2239671
2240306
2281238
2286855
2287948
2288563
2289404
2297935
2299677
2304240
2306830
2324788
2327425
2328031
2340509
2356805
2368855
2377595
2379929
2389702
2391060
2392975
2393034
2403108
2468976
2485019
2490832
2521199
2523187
2523239
2527287
2530879
2533234
2535213
2542911
2556099
2573262
2591979
2607526
2634108
2642759
2644027
2652106
2679085
2705374
2709545
2715555
2719508
2725273
2733123
2738308
2749843
2763992
2764375
2782245
2784619
2807709
2810282
2898205
2908919
2910074
2911981
2913738
2919539
2920052
2925008
2936230
2947749
2952002
2954993
2957907
2961250
2962527
2971099
2971709
2974889
2975214
2995808
3042200
3054902
3066625
3081805
3113392
3116009
3154646
3155483
3158191
3161323
3164971
3179802
3185666
3185900
3189175
3189283
3195432
3196218
3210285
3216240
3259405
3279346
3280493
3293436
3298365
3300233
3310026
3332428
3339376
3339789
3339799
3353604
3354416
3370018
3376575
3377033
3377350
3377666
3379134
3394638
3395496
3440109
3452820
3452822
3493089
3496348
3500729
3500994
3510241
3538839
3544787
3554946
3554948
3560398
3565227
3565356
3568338
3585172
3588564
3591616
3591674
3597679
3597695
3604900
3626001
3628637
3632164
3632732
3657888
3661384
3661393
3665963
3669619
3675308
3679841
3681146
3687920
3706387
3706388
3720271
3720567
3739899
3740047
3762621
3766383
3773200
3776801
3779719
3804399
3812192
3812193
3815783
3815784
3820463
3823665
3825868
3825946
3833369
3885703
3889106
3946178
3946458
3947296
3949940
3953550
3964720
3964986
3965550
3976481
3980054
4014135
4023480
4024175
4026469
4043571
4045086
4058547
4061265
4062116
4068186
4088270
4129874
4143310
4184130
4239887
4247338
4261794
4261853
4262573
4264724
4275471
4276031
4338292
4359625
4412497
4429452
4432249
4436425
4447106
4552435
4647218
4670405
4683662
4699520
4713110
4721742
4814834
4824624
4830839
4830844
4835750
4937603
5058341
5060500
5095238
5107681
5113790
5122894
5136232
5253784
5411048
5418553
5439413
5444530
5469068
5534972
5539274
5572576
5633266
5671419
5673172
5770006
5789839
5804986
5804989
5857751
5859556
5900203
5908872
5910970
5921755
5933418
5966010
6016478
6020881
6024013
6028270
6028658
6049533
6065137
6066539
6067346
6113480
6124768
6208888
6219830
6220597
6226193
6227757
6229811
6239541
6280494
6409277
6452050
6469411
6470354
6472815
6477302
6481055
6486020
6496291
6499693
6519901
6539860
6539918
6573877
6573878
6577783
6621370
6637784
6658948
6658986
6680164
6702862
6720566
6720678
6741928
6823813
6825228
6834617
6837419
6837609
6846165
6849323
6859053
6869222
6869360
6869362
6870410
6881031
6881032
6881033
6881126
6881131
6946880
6953401
6957662
6968100
6982544
7008566
7044082
7044245
7057572
7058722
7058780
7058782
7062992
7080120
7092647
7099559
7124663
7147296
7168181
7183081
7206111
7206146
7211996
7236096
7246530
7259370
7294261
7294262
7304597
7331181
7342099
7350871
7352459
7352607
7355742
7357712
7358823
7365956
7371130
7371131
7386451
7395962
7410523
7414504
7416024
7432169
7444756
7447769
7452849
7460234
7481206
7481207
7481208
7484838
7488329
7488333
7498406
7503118
7503343
7518645
7548359
7554178
7560595
7572691
7572959
7572980
7575700
7584927
7586324
7594087
7605381
7631334
7641364
7660392
7674694
7675231
7677127
7692148
7707599
7717358
7718731
7722204
7722571
7733439
7733843
7768556
7802521
7813073
7816063
7828301
7852683
7884091
7895352
7923652
7923663
7935681
7942478
7942491
7942585
7942761
7946184
7946754
7955180
7960017
7963277
7966894
7987032
8007076
8014388
8017332
8018666
8025994
8044959
8059731
8067349
8071601
8071609
8093585
8114238
8122618
8129049
8133587
8144282
8160224
8166127
8167820
8187239
8197990
8208397
8213741
8215723
8230620
8237811
8247055
8249841
8250986
8252666
8266381
8267704
8268875
8275219
8284975
8297537
8310187
8311963
8313561
8319323
8324776
8342510
8347365
8362432
8363211
8366158
8376698
8377776
8391793
8395477
8399079
8409049
8409095
8411593
8412782
8427145
8427676
8427768
8438716
8450993
8462142
8465742
8465743
8475012
8480674
8496537
8496869
8511983
8546548
8551169
8595803
8595804
8598840
8602715
8604632
8604956
8605666
8605667
8608620
8611279
8614751
8615332
8618665
8621991
8622246
8622248
8622253
8630116
8630210
11943044
8633618
8640988
8640998
8651087
8656227
8656228
8701860
8702085
8709403
8712127
8721656
8729094
8730132
8780363
8783299
8790072
8814971
8823682
8831910
8831931
8834926
8841325
8843183
8848993
8849757
8849758
8857921
8870338
8879836
8882042
8883494
8906082
8917269
8941112
8968013
8977456
9001370
9032046
9033509
9034401
9034402
9048116
9048514
9054738
9095456
9101518
9106797
9125257
9134875
9158553
9167921
9183225
9200004
9201664
9211012
9216550
9217668
9228134
9229203
9229205
9236415
9236450
9238407
9242971
9248817
9253101
9262494
9264491
9264498
9283785
9286929
9298050
9313755
9322570
9322573
9323074
9351745
9354744
9360850
9369249
9369250
9375942
9402810
9404469
9409336
9417007
9431486
9467429
9485998
9493915
9518396
9537620
9546917
9550513
9550515
9555748
9564991
9569599
9575602
9588653
9597054
9603122
9603529
9603539
9625046
9627016
9663229
9696729
9704680
9707189
9717884
9719057
9733466
9737512
9737513
9744977
9759683
9762744
9773714
9778229
9803957
9809895
9809962
9812089
9812913
9820460
9820465
9820468
9822437
9851760
9858111
9860378
9867756
9884395
9920011
9921953
9927364
10023892
10024624
10025925
10030399
10100690
10163450
10190375
10190406
10191978
10191979
10195947
10197575
10199879
10203375
10210704
10220640
10226089
10230743
10320382
10329332
10335684
10335688
10340839
10362198
10362225
10367922
10368520
10371227
10387935
10388480
10391820
10400256
10414557
10421594
10448783
10450862
10465319
10467214
10471455
10475888
10489380
10489997
10508208
10520821
10526697
10527298
10539821
10553388
10562260
10568672
10569646
10577100
10577585
10588081
10594797
10604919
10634338
10636448
10645922
10648042
10648266
10650300
10657570
10669660
10673173
10678282
10686532
10689255
10706323
10712408
10713509
10719763
10723112
10736296
10737693
10740155
10752796
10754017
10760631
10780863
10782833
10783221
10784242
10790356
10799384
10801999
10806290
10807749
10814713
10818059
10834428
10844714
10867777
10872616
10884295
10886491
10922439
10936471
10938003
10953260
10955386
10980814
10981154
10984105
11015340
11029370
11033593
11040222
11040241
11050787
11071176
11080135
11093294
11118026
11118392
11119396
11120700
11127216
11137104
11152833
11158071
11159144
11165466
11237940
11237943
11238268
11255447
11257080
11257253
11257261
11271691
11273848
11289690
11295957
11295996
11305971
11356398
11385074
11386895
11401933
11411265
11416288
11416289
11416310
11416387
11416464
11416564
11423496
11447076
11448281
11454842
11458282
11468215
11470724
11473077
11485278
11500189
11520482
11527137
11560851
11571351
11576815
11587973
11593027
11593349
11606150
11683533
11692019
11700246
11719305
11728544
11730822
11739880
11756058
11760840
11772875
11779915
11794147
11823590
11823591
11824954
11827493
11842948
11844848
11863248
11866648
11872688
11872966
11872968
11872970
11897450
11897646
11935035
11953971
11964437
11974672
11988460
11996610
12006394
12006401
12031742
12032102
12032104
12042430
12075249
12081842
12105290
12115226
12119250
12127613
12145012
12145227
12151467
12196085
12202958
12204489
12208790
12211443
12215132
12221247
12239256
12351489
12355400
12356380
12360172
12372572
12377746
12378368
12379169
12379170
12383578
12392829
12403660
12409541
12411456
12427878
12428097
12446258
12450906
12460521
12460872
12473553
12480036
12482550
12488481
12511750
12513039
12517363
12540314
12540415
12548671
12551870
12574549
12586275
12587008
12590413
12595633
12615693
12618960
12622536
12622955
12623825
12623860
12623868
12633186
12641483
12654604
12654605
12663278
12672188
12682318
12697743
12698067
12711495
12714150
12739029
12742802
12760179
12765971
12771006
12779301
12788901
12792620
12799124
12821537
12821969
12847072
12849297
12874190
12875746
12877910
12882936
12883073
12912813
12919235
12924350
12928465
12930631
12941677
12963567
12963571
12966033
12971590
12975387
13214371
13378647
13411327
13493903
13606677
13661764
13678771
13720286
13751193
13814552
13814553
13881407
13884013
13884014
13887664
13958288
13981873
14025560
14025561
14025562
14025563
14025564
14057660
14150877
14214489
14233810
14306410
14319212
14325143
14453051
14453635
14469319
14504251
14517148
14559957
14563498
14566097
14568852
14576979
14597642
14600184
14608050
14608052
14615618
14627797
14635163
14635166
14635169
14635173
14663042
14687347
14694215
14698976
14716734
14724717
14726556
14728630
14730480
14747241
14760568
14764933
14769680
14769683
14770200
14819398
14916472
14960742
14963283
14969400
14969614
14970063
14975070
14975071
14975083
14975097
14975098
14975101
14975102
14975113
14975115
14975124
14975144
14975148
14975163
14975164
14975165
14975168
14975174
14980992
14988289
14993133
15003802
15003803
15003963
15005841
15006822
15007028
15019547
15019874
15023709
15031305
15039133
15040829
15064104
15068501
15107310
15111512
15118167
15122742
15123572
15128607
15138242
15141042
15143299
15148273
15155954
15161798
15164311
15167201
15173025
15173150
15179102
15197153
15199036
15210652
15211606
15215787
15218158
15219502
15229305
15234428
15245336
15249547
15249796
15256397
15258198
15262291
15262834
15262842
15276113
15292370
15294874
15313941
15326239
15331309
15331311
15331317
15334462
15339995
15341685
15342170
15342688
15354158
15359070
15367573
15371099
15383406
15388521
15451778
15456630
15464673
15464686
15472183
15485750
15495890
15496174
15528461
15534241
15545512
15562019
15562125
15562129
15569842
15569852
15597108
15610229
15611369
15613939
15619681
15635079
15642856
15653178
15662040
15673620
15721024
15723980
15726295
15642771
15734611
15735069
15738353
15761175
15767617
15769979
15769990
15775729
15781015
15798116
15805549
15818710
15829237
15851319
15851636
15861008
15867473
15882545
15882548
15956011
15956133
15956806
15965659
15972604
15974883
15975170
15982814
15998672
16002816
16005459
16014638
16018848
16046653
16076834
16087792
16107567
16116069
16129794
16139531
16144952
16145676
16157770
16157784
16159602
16159603
16172282
16186276
16197286
16198088
16204159
16204425
16204426
16219884
16223549
16228142
16249452
16253598
16253630
16256756
16262891
16266401
16269922
16269961
16274376
16275870
16280269
16298372
16314543
16322484
16330686
16342101
16359963
16365204
16375633
16380547
16380592
16382018
16397184
16397734
16397819
16401818
16407573
16407715
16421236
16430904
16432246
16434160
16438729
16441967
16442398
16443791
16448898
16461820
16474174
16476434
16476813
16476848
16477805
16484614
16531791
16534007
16534023
16572107
16572460
16585411
16600945
16614319
16636175
16648850
16651055
16675728
16679093
16684491
16697313
16702347
16702488
16715837
16716207
16735483
16754800
16762981
16765066
16783172
16785337
16785347
16791140
16818830
16822398
16837677
16855181
16861606
16869718
16880459
16895895
16913878
16917147
16920451
16928729
16973806
16973975
16988081
16988089
17000907
17000946
17023723
17038273
17056821
17068983
17075853
17085360
17086034
17101822
17101823
17138952
17182988
17190894
17229895
17903291
17903301
17903302
17903303
17903305
17903306
17903308
17903292
17903294
17903295
17903298
17903299
17903300
474701
868679
1096624
1534033
1557002
1576628
4061471
4720380
5119838
5469069
6482932
6739495
7560597
8653664
12652392
14269917
14337669
16953256
16955538
16965841
17079199
17095717
17116649
17123304
17137849
17183014
17195215
17204727
17211608
17211848
17221274
17224472
17228994
17242302
17259468
17259479
17261388
17261750
17262019
17266077
17296870
17312290
17339551
17349447
17349450
17353438
17353490
17369522
17372038
17372189
17381351
17383304
17389308
17393450
17404185
17413278
17430232
17465681
17485578
17502528
17517690
17531588
17533184
17533210
17536046
17541329
17542685
17548724
17569110
17576866
17586736
17599457
17602937
17620505
17620532
17630932
17631213
17634565
17643579
17646581
17652317
17652652
17659939
17674073
17684225
17698726
17699011
17709452
17709632
17709633
17763430
17785619
17825586
17848626
17879521
17885549
17893376
17895253
17903293
17903296
17903297
17903304
17903307
17903915
17904078
17908709
17921402
17923597
17938391
17944986
17980690
17991874
18006902
18030310
18060926
18060995
18063154
18073305
18091418
18157970
18172051
18174456
18180395
18195335
18206734
18212276
18212285
18218668
18230630
18237594
18239660
18250267
18268147
18282113
18285610
18289552
18303076
18312765
18322260
18337731
18361904
18362250
18364381
18375414
18387595
18388332
18388694
18391953
18395076
18426862
18426996
18440684
18445666
18449921
18458146
18458169
18458174
18466507
18466523
18466536
18466556
18469835
18474741
18489939
18492747
18492761
18495425
18499567
18509093
18511716
18522750
18565021
18572034
18574071
18583555
18612117
18614743
18617305
18625075
18625926
18628569
18636528
18650481
18663156
18663163
18678302
18691483
18701106
18707223
18719643
18755317
18776141
18779294
18806103
18815239
18829028
18834626
18840800
18852353
18854750
18923337
18931036
18940279
18940290
18955667
18974171
18984437
19001021
19008123
19010253
19010326
19020323
19022952
19025786
19029465
19050198
19050450
19056581
19056788
19060906
19060907
19061720
19063671
19064807
19073367
19074981
19074991
19074995
19101231
19103986
19106328
19111760
19114172
19114611
19118251
19124428
19128858
19129265
19135199
19136488
19138129
19139672
19139753
19141561
19161620
19165169
19166702
19175779
19179358
19183934
19192172
19193659
19194457
19195657
19204219
19211484
19216828
19221217
19223316
19223612
19233935
19237656
19244087
19244365
19245965
19249635
19265054
19278016
19282819
19289633
19289634
19300500
19305408
19307472
19347239
19357215
19357531
19369658
19389676
19398386
19414484
19416535
19423290
19424059
19427490
19429876
19430479
19430482
19436064
19448620
19467447
19498184
19506113
19506114
19506115
19523151
19539080
19541865
19549974
19557197
19559168
19576326
19581493
19584346
19587794
19597035
19597492
19608701
19623678
19644064
19660609
19660619
19700505
19710193
19717024
19731232
19752323
19770601
19790125
19801982
19808445
19808720
19812462
19828705
19833894
19840582
19841454
19846171
19875999
19884274
19924703
19930766
19933936
19937426
19948972
19959715
19996159
19996608
20006557
20007524
20009056
20010835
20011104
20031568
20031576
20031584
20033739
20040588
20040767
20044523
20048208
20062060
20072037
20081857
20083680
20096396
20100973
20146786
20152980
20159629
20167578
20167919
20173747
20181677
20200953
20204649
20210671
20212282
20219967
20231535
20304771
20336705
20339144
20339361
20348331
20348406
20368648
20378848
20382680
20383146
20388190
20392893
20399803
20400778
20400780
20403482
20418489
20421499
20425830
20430502
20431054
20442857
20442986
20448212
20460622
20470424
20471857
20484490
20484553
20497779
20505214
20505436
20510217
20525769
20526338
20526366
20539015
20541252
20548944
20549515
20551699
20556870
20558845
20560908
20580253
20581827
20583287
20603483
20606121
20610424
20625166
20660804
20662074
20662864
20670729
20675668
20679552
20682604
20685685
20686565
20693352
20695006
20697030
20700443
20716010
20723643
20798380
20823386
20834067
20837786
20842694
20852293
20855565
20855656
20858905
20876437
20881960
20884845
20884846
20889853
20935630
20966127
21029062
21045733
21071547
21076174
21098350
21098467
21098848
21102462
21106919
21115952
21156932
21181894
21183930
21204120
21216879
21241273
21242301
21245293
21255742
21263120
21300955
21312009
21336532
21355061
21378990
21429915
21478162
21508210
21572158
21594893
21600720
21622766
21633404
21681796
9781518
10214731
17984388
18031707
18317242
19864653
19927137
20445134
20639302
20655634
20705733
20863498
20881074
20934566
20935629
20937976
20956785
21076409
21079667
21130952
21147729
21247548
21255761
21264828
21289203
21292366
21311041
21346180
21347282
21350435
21365169
21367955
21378095
21403089
21403392
21403394
21422096
21423183
21423719
21430561
21444836
21448138
21450637
21474082
21484848
21493818
21525396
21533175
21541012
21562376
21611967
21670229
21680719
21686058
21697255
21706003
21708875
21717597
21738480
21738491
21741045
21752884
21757650
21757653
21757961
21768215
21778438
21782286
21791418
21798425
21798760
21810599
21810696
21813106
21818773
21835633
21846867
21846873
21849523
21864208
21864812
21873549
21880293
21884873
21907950
21909108
21909110
21909115
21926281
21927924
21931075
21931561
21937625
21946350
21965186
21970591
21984528
21995970
21996140
21996141
21998597
22003152
22006983
22021128
22029572
22031661
22042927
22044751
22045913
22068335
22071706
22072498
22072590
22075330
22083151
22093724
22100030
22108732
22128055
22143959
22144573
22147389
22147711
22154319
22170711
22172445
22174694
22178898
22199011
22213409
22213410
22222934
22235037
22267201
22340925
22342860
22361089
22361517
22371357
22371413
22391253
22411920
22433456
22456473
22471865
22475205
22496159
22504418
22504421
22507977
22520541
22544366
22555621
22572915
22623384
22640232
22641212
22689930
22716219
22727409
18071069
16814656
17603472
19188521
19862010
20630620
20733104
21344243
21536997
22081378
22212150
22325160
22381161
22392875
22479191
22479202
22492995
22499766
22504314
22510845
22577209
22589742
22623386
22629316
22689008
22710966
22711750
22714408
22727181
22773705
22832152
22843444
22855337
22895372
22898763
22901770
22948697
22949535
22949543
22962313
23013600
23063622
